B = 515: 765 777 778 780 782 783 784 786 787 790 791 793 804 805 806 939 
11 11 11 11 11 11 11 11 11 11 11 11 11 11 11 11 
200 200 200 200 200 200 200 200 200 200 200 200 200 200 200 32 
Capacity violation = 0.0
Min load violation = 0.0
P violation = 0.0
Type violation = 0
Class violation = 0
Indies violation = 0
B = 1715: 56 146 156 160 161 255 256 257 258 260 261 297 298 300 302 473 475 479 480 482 486 537 542 544 545 551 553 563 568 570 571 588 593 594 595 598 605 609 611 616 620 622 624 629 665 668 673 675 677 678 683 687 689 692 892 895 897 899 901 903 907 910 
8 5 5 5 5 15 15 15 15 15 15 15 15 15 15 5 5 5 5 5 5 16 16 16 16 16 16 16 9 9 9 9 9 9 9 9 9 9 9 9 9 9 9 9 9 9 9 9 9 9 9 9 9 9 16 16 16 16 16 16 16 16 
110 48 48 48 48 100 100 100 100 100 100 100 100 100 100 13 13 13 13 13 13 189 189 189 189 189 189 189 184 184 184 184 184 184 184 184 184 184 184 184 184 184 184 184 184 184 184 184 184 184 184 184 184 184 51 51 51 51 51 51 51 51 
Capacity violation = 0.0
Min load violation = 0.0
P violation = 0.0
Type violation = 5
Class violation = 4
Indies violation = 0
B = 495: 761 762 767 768 769 770 771 772 774 795 796 797 798 807 808 809 810 812 815 816 817 818 820 821 822 839 841 842 843 844 845 846 849 850 851 855 858 860 862 863 865 866 868 869 870 871 873 874 875 877 878 879 880 881 882 883 884 885 
18 18 18 18 18 18 18 18 18 18 18 18 18 18 18 18 18 18 18 18 18 18 18 18 18 18 18 18 18 18 18 18 18 18 18 18 18 18 18 18 18 18 18 18 18 18 18 18 18 18 18 18 18 18 18 18 18 18 
153 153 153 153 153 153 153 153 153 126 126 126 126 126 126 126 126 126 126 126 126 126 126 126 126 153 153 153 153 153 153 153 153 153 153 153 153 153 153 153 153 153 153 153 153 153 153 153 153 153 153 153 153 153 153 153 153 153 
Capacity violation = 0.0
Min load violation = 0.0
P violation = 0.0
Type violation = 0
Class violation = 1
Indies violation = 0
B = 503: 912 938 940 941 942 943 944 945 
3 3 3 3 3 3 3 3 
47 74 74 74 74 74 74 74 
Capacity violation = 0.0
Min load violation = 0.0
P violation = 0.0
Type violation = 0
Class violation = 0
Indies violation = 0
B = 13: 320 324 327 361 363 365 426 432 436 438 487 488 489 493 494 503 504 511 518 520 599 603 634 635 639 640 646 679 686 925 926 927 931 934 937 
7 7 7 7 7 7 7 7 7 7 7 7 7 7 7 7 7 7 7 7 7 7 7 7 7 7 7 7 7 7 7 7 7 7 7 
85 85 123 85 85 85 57 57 57 57 25 25 25 25 25 52 52 52 52 52 52 52 199 199 199 199 199 199 199 44 44 44 44 44 44 
Capacity violation = 0.0
Min load violation = 0.0
P violation = 0.0
Type violation = 0
Class violation = 0
Indies violation = 0