B = 53: 
89: 108 110 111 115 118 119 151 153 157 158 163 164 215 217 220 221 222 224 225 226 227 243 244 245 246 282 284 285 286 290 291 292 293 311 312 313 314 316 317 318 325 336 338 351 352 353 391 394 399 402 403 404 473 474 475 476 477 478 479 480 481 482 484 486 540 541 698 703 707 708 709 710 887 888 890 951 957 959 963 964 970 971 973 974 976 979 981 982 985 
W: 1.008 1.008 1.008 1.32 0.48 0.48 0.126 1.008 0.96 0.624 2.52 2.64 2.016 2.016 3.024 2.016 2.016 3.276 3.276 2.07408 2.07408 0.96 0.96 1.008 4.536 0.676 4.7232 1.32 0.624 0.48 0.44495999999999997 0.44495999999999997 0.9551999999999999 0.48 0.378 1.32 1.32 2.3616 0.16998 0.16998 0.9551999999999999 0.16998 2.07408 1.03704 1.03704 1.0919999999999999 0.48 1.008 1.1808 0.676 2.3616 1.1808 0.504 0.315 2.3616 2.3616 0.252 0.252 0.08499 0.08499 0.08499 1.0919999999999999 2.07408 0.08499 1.32 1.32 2.64 1.4040000000000001 5.28 0.252 2.704 0.33996 1.03704 1.5996 1.1808 1.43 2.86 1.32 2.64 2.64 11.597100000000001 1.32 1.43 0.22 3.3000000000000003 4.032 1.008 1.43 0.66 
R: 5 5 5 5 5 5 5 5 5 5 5 5 5 5 5 5 5 5 5 5 5 5 5 5 5 5 5 5 5 5 5 5 5 5 5 5 5 5 5 5 5 5 5 5 5 5 5 5 5 5 5 5 5 5 5 5 5 5 5 5 5 5 5 5 5 5 5 5 5 5 5 5 5 5 5 5 5 5 5 5 5 5 5 5 5 5 5 5 5 
T: 78 78 78 78 78 78 48 48 48 48 48 48 23 23 23 23 23 23 23 23 23 23 23 23 23 104 104 104 104 104 104 104 104 118 118 118 118 118 118 118 118 118 118 105 105 105 105 105 105 105 105 105 13 13 13 13 13 13 13 13 13 13 13 13 13 13 149 149 149 149 149 149 18 18 18 106 106 106 82 82 82 18 18 82 82 18 18 18 18 
Min load: 96.59999999999998
R: 1
T: 20
Capacity: 138.0
- Capacity violation = 0.0
- Min load violation = 0.0
- P violation = 0.0
- Type violation = 0
- Class violation = 0
- Indies violation = 0

*****************************************************

B = 41: 
79: 96 97 99 104 105 106 107 109 116 117 146 152 154 155 156 159 160 161 162 165 166 177 216 218 219 223 241 279 280 281 283 287 288 289 294 308 309 310 315 326 335 337 340 354 392 393 400 401 405 406 471 472 485 539 697 889 946 947 948 949 954 955 956 958 960 961 962 965 966 967 968 969 972 975 977 978 980 983 984 
W: 1.5996 1.5996 1.5996 1.008 1.32 2.64 1.008 1.008 1.32 0.48 2.07408 1.008 3.024 0.96 0.44495999999999997 1.352 0.8099999999999999 0.1333 4.7988 1.008 2.3616 1.9103999999999999 3.024 1.008 1.248 3.276 0.96 0.16998 0.156 1.0919999999999999 4.7232 0.126 1.248 0.48 0.9551999999999999 1.5996 0.8099999999999999 1.008 2.3616 0.48 0.8099999999999999 1.5996 2.07408 0.676 0.624 1.008 0.676 2.1839999999999997 2.3616 1.1808 0.504 2.64 0.08499 0.66 5.28 2.1216 0.11 1.32 2.86 1.43 0.38999999999999996 2.64 0.1476 5.28 3.9600000000000004 0.66 1.43 2.86 1.5996 1.1808 2.64 2.07408 1.43 1.43 0.66 0.66 1.26 1.43 1.32 
R: 5 5 5 5 5 5 5 5 5 5 5 5 5 5 5 5 5 5 5 5 5 5 5 5 5 5 5 5 5 5 5 5 5 5 5 5 5 5 5 5 5 5 5 5 5 5 5 5 5 5 5 5 5 5 5 5 5 5 5 5 5 5 5 5 5 5 5 5 5 5 5 5 5 5 5 5 5 5 5 
T: 78 78 78 78 78 78 78 78 78 78 48 48 48 48 48 48 48 48 48 48 48 48 23 23 23 23 23 104 104 104 104 104 104 104 104 104 104 104 118 118 118 118 118 105 105 105 105 105 105 105 13 13 13 13 149 18 106 106 106 106 106 106 106 106 106 106 82 82 106 106 82 106 18 82 82 18 18 18 18 
Min load: 85.05
R: 1
T: 20
Capacity: 121.50000000000001
- Capacity violation = 0.0
- Min load violation = 0.0
- P violation = 0.0
- Type violation = 0
- Class violation = 0
- Indies violation = 0

*****************************************************

Total violation of R: 0.0
Total violation of T: 0.0
Total violation of Min load: 0.0
Total violation of Capacity: 0.0
Total violation of Indices: 0.0
Total violation of P: 0.0
