B = 1181: 
24: 46 52 54 55 56 57 58 59 89 90 94 170 171 172 174 178 181 195 198 329 331 333 987 995 
W: 0.624 0.05666 1.872 1.872 1.32 1.872 3.1199999999999997 3.1199999999999997 2.016 1.008 0.8099999999999999 1.352 2.016 3.024 1.008 2.07408 0.8099999999999999 0.168 1.1808 3.024 5.904 5.904 2.07408 0.48 
R: 8 8 8 8 8 8 8 8 8 8 8 8 8 8 8 8 8 8 8 8 8 8 8 8 
T: 110 110 110 110 110 110 110 110 207 207 207 4 4 4 4 4 4 4 4 131 131 131 2 2 
Min load: 500.5
R: 1
T: 5
Capacity: 715.0
- Capacity violation = 0.0
- Min load violation = 453.79038
- P violation = 0.0
- Type violation = 0
- Class violation = 0
- Indies violation = 0

*****************************************************

B = 30: 
62: 40 41 43 44 45 47 48 49 50 51 53 88 91 95 98 100 101 102 103 167 168 169 173 175 176 179 180 182 196 197 330 332 334 371 372 455 456 457 458 459 460 461 462 463 464 465 466 467 468 483 986 988 989 990 991 992 993 994 996 997 998 999 
W: 0.2264 1.008 0.16199999999999998 0.624 1.872 0.5519999999999999 1.32 1.008 13.200000000000001 1.872 0.96 1.1808 1.1808 1.5996 0.46704 2.016 0.46704 2.016 1.008 1.1808 3.5423999999999998 2.1839999999999997 2.016 2.07408 2.1216 1.352 1.0919999999999999 0.676 0.624 1.1808 3.024 7.056 2.3616 6.222239999999999 1.134 0.48 0.44495999999999997 0.44495999999999997 0.624 0.624 0.624 3.024 2.64 1.008 0.084 0.44495999999999997 0.8099999999999999 2.07408 2.07408 7.488 1.5996 9.5976 0.6629999999999999 0.93408 0.93408 2.07408 1.03704 2.3616 0.48 0.44495999999999997 2.016 2.268 
R: 8 8 8 8 8 8 8 8 8 8 8 8 8 8 8 8 8 8 8 8 8 8 8 8 8 8 8 8 8 8 8 8 8 8 8 8 8 8 8 8 8 8 8 8 8 8 8 8 8 8 8 8 8 8 8 8 8 8 8 8 8 8 
T: 110 110 110 110 110 110 110 110 110 110 110 207 207 207 207 207 207 207 207 4 4 4 4 4 4 4 4 4 4 4 131 131 131 130 130 68 68 68 68 68 68 68 68 68 68 68 68 68 68 132 2 2 2 2 2 2 2 2 2 2 2 2 
Min load: 82.95
R: 1
T: 20
Capacity: 118.5
- Capacity violation = 0.0
- Min load violation = 0.0
- P violation = 0.0
- Type violation = 0
- Class violation = 0
- Indies violation = 0
